9.127206963206775381e-01 5.290459555463346286e-02
6.318858159375735813e-03 7.851291478708912752e-01
3.469871281618357173e-02 3.609718760535627347e-01
8.118042616108084308e-02 3.770357185189284199e-01
7.139128443441763450e-01 2.156628403142699102e-01
6.102575923233312105e-01 2.157600674458490797e-01
6.421338559311650096e-01 7.304322566454510279e-02
3.614738543950377775e-02 2.080237550804511781e-01
5.059216725617607380e-02 3.632653449562375236e-01
8.524558003834914466e-02 7.712450923960123550e-01
2.816070218830744598e-01 6.995181033281936411e-01
8.290694629857187081e-02 8.423876955369394848e-01
3.088925494041749181e-02 8.627622937845070838e-01
4.662061502695714621e-01 1.663164749933313813e-01
3.087580856812601193e-01 1.062666663189449912e-01
3.812775866370716749e-01 5.706766784325894015e-01
9.170660623549244106e-02 6.172138178673470393e-02
1.756457029163932234e-03 8.591494990349831662e-01
1.479803045310174592e-01 4.627880828002478020e-01
4.020798372721484104e-01 1.135726549121500867e-01
7.156467813398222910e-01 2.739734324124764031e-01
3.520095581614726687e-01 2.671365212118718691e-01
2.015296217041099014e-01 4.821987314170388950e-01
5.084336460743781316e-01 2.888743199750400392e-01
3.800210113732255812e-01 1.336270642277738452e-01
1.967075400063786617e-01 2.087892762379574552e-01
7.956256664910418830e-02 4.392777616730406121e-01
8.678066733415505940e-01 1.167114918079196206e-01
1.755045139809834343e-01 1.383249604991268755e-01
4.813043598003381995e-01 1.938758920208112080e-01
9.139261996539482791e-01 1.626103880337713414e-02
7.221214469731718211e-01 1.541693589407441833e-01
