15
16
0
15
0
0
0
0
15
0
1
15
15
15
15
15
15
15
15
15
15
15
15
15
16
16
16
16
1
1
1
1
16
16
16
16
16
16
16
16
16
16
0
0
16
16
4
4
4
4
16
16
16
16
16
16
4
4
4
4
15
15
3
15
15
3
15
15
15
15
15
15
15
15
15
9
9
15
16
16
15
15
15
15
16
16
4
4
0
0
16
16
16
15
15
16
15
16
16
15
15
15
15
15
1
0
16
16
16
16
16
16
16
16
16
0
16
16
16
16
16
16
16
0
1
1
0
3
3
15
16
16
3
3
3
3
3
3
3
3
3
9
15
15
15
15
15
15
15
15
3
15
15
15
15
4
4
15
15
16
12
12
12
12
3
3
4
4
3
3
3
3
3
3
3
3
3
3
16
16
15
15
15
15
15
3
3
3
16
3
16
16
16
16
3
3
12
9
9
12
16
15
15
16
16
16
15
16
16
16
16
16
4
4
16
16
16
16
16
16
15
4
4
4
4
4
4
0
3
0
0
0
16
0
16
16
0
4
4
16
0
16
16
16
16
4
9
9
0
1
1
1
0
0
16
16
16
16
3
3
3
3
3
3
16
16
1
1
15
9
6
15
4
4
3
15
9
9
15
16
4
4
4
4
16
16
0
1
6
12
9
9
9
9
4
4
5
5
4
4
5
4
5
5
5
5
5
5
5
5
5
5
5
5
5
5
5
5
5
5
5
5
5
5
5
5
5
5
5
5
5
5
5
5
5
5
5
5
5
5
4
4
5
5
5
5
5
5
5
5
5
5
5
5
5
5
7
7
7
7
7
7
7
7
7
7
6
6
6
6
6
6
7
7
6
6
7
7
6
6
6
6
6
6
6
6
6
6
6
7
7
7
7
7
7
7
7
7
7
6
7
7
7
7
7
7
7
7
7
7
7
7
8
7
8
8
8
8
8
8
8
8
8
8
8
8
8
8
8
8
8
8
8
8
8
8
8
8
8
8
8
8
8
8
8
8
8
8
8
8
8
8
7
7
8
8
8
8
8
8
8
8
8
8
8
8
8
8
10
10
10
10
10
10
10
10
10
10
9
9
9
9
10
10
9
9
10
10
9
9
9
9
9
9
9
9
9
9
9
10
10
10
10
10
10
10
10
10
10
9
9
10
10
10
10
10
10
11
11
11
11
11
11
11
10
11
11
11
11
11
11
11
11
11
11
11
11
11
11
11
11
11
11
11
11
11
11
11
11
11
11
11
11
11
11
11
11
11
11
11
11
11
11
10
10
11
11
11
11
11
11
11
11
11
11
11
11
11
11
9
13
13
13
13
13
13
13
13
13
13
12
12
12
12
12
12
12
12
13
13
12
12
13
13
12
12
12
12
12
12
12
12
12
12
12
12
12
13
13
13
13
13
13
13
13
13
13
12
13
13
13
13
13
13
14
13
14
14
13
14
13
13
14
14
14
14
14
14
14
14
14
14
14
14
14
14
14
14
14
14
14
14
14
14
14
14
14
14
14
14
14
14
14
14
14
14
14
14
14
14
13
13
14
14
14
14
14
14
14
14
14
14
14
14
14
14
12
1
1
1
1
1
1
1
1
1
1
1
1
1
1
1
1
1
1
2
2
2
2
2
2
2
2
2
2
2
2
2
2
2
2
2
2
2
2
2
2
2
2
2
2
2
2
2
2
2
2
2
2
2
2
2
2
1
1
1
2
2
2
2
2
2
2
2
2
2
2
2
2
15
15
15
15
15
15
15
15
15
